0.0296854186010013
0.922830427029557
0.0109870857610307
0.659950385643146
0.786131504357854
0.512193742446692
0.440229301545876
0.933871081533782
0.57126733826998
0.290154303559174
0.623379919036934
0.146299253751663
0.851557804202455
0.132015230661265
0.779981723884112
0.152833320271612
0.669613804980001
0.199220298882211
0.295563313316351
0.532606907902568
0.524301118461555
0.928897983361454
0.988406355953033
0.145624502629798
0.511015699017335
0.640853384342442
0.822830643422357
0.314623999555886
0.885560535772499
0.615924728389794
0.846910047273575
0.0171645269809126
0.484204968197367
0.0329004931416831
0.958588232266991
0.992419711310612
0.59808799745426
0.0649732137401463
0.00480333063975132
0.729578062300374
0.0184930823829459
0.813235610170865
0.0509001417322551
0.478682094010842
0.20995404022278
0.697554024261215
0.790485758236836
0.694138686495898
0.388903936552305
0.308461634585849
0.314692484361442
0.0365846627562235
0.87842694384904
0.721645270810297
0.692066508667574
0.561811175924638
0.360433765389227
0.810294896741535
0.626329534978759
0.720494388006858
0.349179231258658
0.655339764270624
0.295418096378175
0.0919458279814319
0.333530883925748
0.653566140054523
0.486115896369385
0.14987028024619
0.869800097714085
0.730242280629576
0.182010541289118
0.0511674462124554
0.971268492737444
0.109557438227142
0.331864283574682
0.64301403967804
0.136964868817928
0.968550222911197
0.423596468485704
0.385845839225615
0.911019864916345
0.510869649011115
0.186190929816193
0.310957420762143
0.261370749334512
0.858184065138076
0.499582775635451
0.487710105016693
0.943735015552368
0.354406388641524
0.508173898099071
0.878705351091318
0.400835791789384
0.84715260418465
0.0938185314153407
0.808057497631785
0.0223626974142914
0.849855441995829
0.520413623899414
0.591776877451584
0.993979328774837
0.810578718693265
0.396525077706447
0.396981012260998
0.0598730705957269
0.286697502381493
0.524922525754628
0.372890358033073
0.168247461862977
0.735091531060213
0.683362528999971
0.27402490250488
0.536536399524909
0.567266815140502
0.0533620664167041
0.85625026554626
0.998213035984995
0.966495799816444
0.894907514981417
0.710604292671478
0.126346929523324
0.512844498508072
0.377486425162054
0.414347698639309
0.941771030864572
0.345715740856582
0.444456576576669
0.981682524076515
0.138182153989646
0.427462103975686
0.355581519359528
0.258595875584798
0.220880953697898
0.346188800570643
0.395171190796034
0.642203708944006
0.517736221904744
0.592681553025116
0.198861693124688
0.268476346632688
0.281957855579424
0.865678723373301
0.462303735065415
0.938875244436262
0.676233240252469
0.452068923251735
0.922393091918152
0.66069586838628
0.315459968203427
0.935685595001879
0.0677951965796739
0.43386891457898
0.0348473289212432
0.679057179335066
0.914013084449811
0.817910347980405
0.619218506672987
0.205441652892829
0.857860169772925
0.0558733735493726
0.0637892443052443
0.105829038240867
0.66864571425535
0.928519489676002
0.627062984568562
0.0475816438196141
0.70468767625498
0.685774817450798
0.817356895570344
0.317343850767866
0.598099855518946
0.26427170693142
0.61457839636811
0.219107758821504
0.544102513019043
0.730936311060067
0.846579986552978
0.46983399590004
0.499969091964871
0.980528653590255
0.745080891412255
0.574541965767062
0.32681864701529
0.841000385974068
0.693487066167168
0.437121071590633
0.693850223763776
0.540710797785181
0.726378375536938
0.241357649323231
0.498012175549759
0.090634464794134
0.293449795010243
0.0107047371616143
0.914517475252281
0.295206565081704
0.536739328194754
0.977888969228551
0.379905824260742
0.0771883502962013